1 1 0 0 0 0 0 0 0 0 0 -135 0 0 80 0 -45 0 0 -80 0 -90 0 0 0 -90 0 0 0 0 0 0 0 0 0 0 0 0 0 0 0 -5 0 0 0 0
1 1 0 0 0 0 0 0 0 0 0 -135 0 0 70 0 -45 0 0 -70 0 -90 0 0 0 -90 0 0 0 0 0 0 0 0 0 0 0 0 0 0 0 -5 0 0 0 0
1 1 0 0 0 0 0 0 0 0 0 -135 0 0 60 0 -45 0 0 -60 0 -90 0 0 0 -90 0 0 0 0 0 0 0 0 0 0 0 0 0 0 0 -5 0 0 0 0
1 1 0 0 0 0 0 0 0 0 0 -135 0 0 50 0 -45 0 0 -50 0 -90 0 0 0 -90 0 0 0 0 0 0 0 0 0 0 0 0 0 0 0 -5 0 0 0 0
1 1 0 0 0 0 0 0 0 0 0 -135 0 0 30 0 -45 0 0 -30 0 -90 0 0 0 -90 0 0 0 0 0 0 0 0 0 0 0 0 0 0 0 -5 0 0 0 0
1 1 0 0 0 0 0 0 0 0 0 -135 0 0 30 0 -45 0 0 -30 0 -110 0 0 0 -70 0 0 0 0 0 0 0 0 0 0 0 0 0 0 0 -5 0 0 0 0
1 1 0 0 0 0 0 0 0 0 0 -135 0 0 30 0 -45 0 0 -30 0 -110 -10 -30 -5 -70 0 20 0 0 0 0 0 0 0 0 0 0 0 0 0 -5 0 0 0 0
1 1 0 0 0 0 0 0 0 0 0 -135 0 0 30 0 -45 0 0 -30 0 -110 -20 -30 -5 -70 -20 20 0 0 0 0 0 0 0 0 0 0 0 0 0 -5 0 0 0 0
1 1 0 0 0 0 0 0 0 0 0 -135 0 0 30 0 -45 0 0 -30 0 -110 -20 -30 25 -70 -20 20 30 0 0 0 0 0 0 0 0 0 0 0 0 -5 0 0 0 0
1 1 0 0 0 0 0 0 0 0 0 -145 -10 -70 40 0 -55 0 -55 -30 0 -110 -60 -30 35 -90 -30 15 25 0 0 0 0 0 0 0 0 0 0 0 0 -5 0 0 0 0
1 1 0 0 0 0 0 0 0 0 0 -135 -10 -120 40 0 -35 -30 -95 -130 0 -110 -60 -30 35 -90 -30 15 25 0 0 0 0 0 0 0 0 0 0 0 0 -5 0 0 0 0
1 1 0 0 0 0 0 0 0 0 0 -135 -10 -120 30 0 -35 -30 -95 -140 0 -110 -60 -30 35 -90 -30 15 25 0 0 0 0 0 0 0 0 0 0 0 0 -5 0 0 0 0
1 1 0 0 0 0 0 0 0 20 0 -135 -10 -120 40 0 -35 -30 -95 -130 0 -110 -60 -30 35 -90 -30 15 25 0 0 0 0 0 0 0 0 0 0 0 0 -5 0 0 0 0
1 1 0 0 0 0 0 0 0 0 0 -135 -10 -120 20 0 -35 -30 -95 -100 0 -85 -25 0 -5 -50 -60 -5 45 0 0 0 0 0 0 0 0 0 0 0 0 -5 0 0 0 0
1 1 0 0 0 0 0 0 0 20 0 -135 -10 -120 40 0 -35 -30 -95 -130 0 -110 -60 -30 35 -90 -30 15 25 0 0 0 0 0 0 0 0 0 0 0 0 -5 0 0 0 0
1 1 0 0 0 0 0 0 0 0 0 -135 -10 -120 20 0 -35 -30 -95 -100 0 -85 -25 0 -5 -50 -60 -5 45 0 0 0 0 0 0 0 0 0 0 0 0 -5 0 0 0 0
1 1 0 0 0 0 0 0 0 20 0 -135 -10 -120 40 0 -35 -30 -95 -130 0 -110 -60 -30 35 -90 -30 15 25 0 0 0 0 0 0 0 0 0 0 0 0 -5 0 0 0 0
1 1 0 0 0 0 0 0 0 0 0 -135 -10 -120 20 0 -35 -30 -95 -100 0 -85 -25 0 -5 -50 -60 -5 45 0 0 0 0 0 0 0 0 0 0 0 0 -5 0 0 0 0
1 1 0 0 0 0 0 0 0 20 0 -135 -10 -120 40 0 -35 -30 -95 -130 0 -110 -60 -30 35 -90 -30 15 25 0 0 0 0 0 0 0 0 0 0 0 0 -5 0 0 0 0
1 1 0 0 0 0 0 0 0 0 0 -135 -10 -120 20 0 -35 -30 -95 -100 0 -85 -25 0 -5 -50 -60 -5 45 0 0 0 0 0 0 0 0 0 0 0 0 -5 0 0 0 0
1 1 0 0 0 0 0 0 0 20 0 -135 -10 -120 40 0 -35 -30 -95 -130 0 -110 -60 -30 35 -90 -30 15 25 0 0 0 0 0 0 0 0 0 0 0 0 -5 0 0 0 0
1 1 0 0 0 0 0 0 0 0 0 -135 -10 -120 20 0 -35 -30 -95 -100 0 -85 -25 0 -5 -50 -60 -5 45 0 0 0 0 0 0 0 0 0 0 0 0 -5 0 0 0 0
1 1 0 0 0 0 0 0 0 20 0 -135 -10 -120 40 0 -35 -30 -95 -130 0 -110 -60 -30 35 -90 -30 15 25 0 0 0 0 0 0 0 0 0 0 0 0 -5 0 0 0 0
1 1 0 0 0 0 0 0 0 0 0 -135 -10 -120 20 0 -35 -30 -95 -100 0 -85 -25 0 -5 -50 -60 -5 45 0 0 0 0 0 0 0 0 0 0 0 0 -5 0 0 0 0
1 1 0 0 0 0 0 0 0 20 0 -135 -10 -120 40 0 -35 -30 -95 -130 0 -110 -60 -30 35 -90 -30 15 25 0 0 0 0 0 0 0 0 0 0 0 0 -5 0 0 0 0
1 1 0 0 0 0 0 0 0 0 0 -135 -10 -120 20 0 -35 -30 -95 -100 0 -85 -25 0 -5 -50 -60 -5 45 0 0 0 0 0 0 0 0 0 0 0 0 -5 0 0 0 0
1 1 0 0 0 0 0 0 0 20 0 -135 -10 -120 40 0 -35 -30 -95 -130 0 -110 -60 -30 35 -90 -30 15 25 0 0 0 0 0 0 0 0 0 0 0 0 -5 0 0 0 0
1 1 0 0 0 0 0 0 0 0 0 -135 -10 -120 20 0 -35 -30 -95 -100 0 -85 -25 0 -5 -50 -60 -5 45 0 0 0 0 0 0 0 0 0 0 0 0 -5 0 0 0 0
1 1 0 0 0 0 0 0 0 20 0 -135 -10 -120 40 0 -35 -30 -95 -130 0 -110 -60 -30 35 -90 -30 15 25 0 0 0 0 0 0 0 0 0 0 0 0 -5 0 0 0 0
1 1 0 0 0 0 0 0 0 0 0 -135 -10 -120 20 0 -35 -30 -95 -100 0 -85 -25 0 -5 -50 -60 -5 45 0 0 0 0 0 0 0 0 0 0 0 0 -5 0 0 0 0
1 1 0 0 0 0 0 0 0 20 0 -135 -10 -120 40 0 -35 -30 -95 -130 0 -110 -60 -30 35 -90 -30 15 25 0 0 0 0 0 0 0 0 0 0 0 0 -5 0 0 0 0
1 1 0 0 0 0 0 0 0 0 0 -135 -10 -120 20 0 -35 -30 -95 -100 0 -85 -25 0 -5 -50 -60 -5 45 0 0 0 0 0 0 0 0 0 0 0 0 -5 0 0 0 0
1 1 0 0 0 0 0 0 0 20 0 -135 -10 -120 40 0 -35 -30 -95 -130 0 -110 -60 -30 35 -90 -30 15 25 0 0 0 0 0 0 0 0 0 0 0 0 -5 0 0 0 0
1 1 0 0 0 0 0 0 0 0 0 -135 -10 -120 20 0 -35 -30 -95 -100 0 -85 -25 0 -5 -50 -60 -5 45 0 0 0 0 0 0 0 0 0 0 0 0 -5 0 0 0 0
1 1 0 0 0 0 0 0 0 20 0 -135 -10 -120 40 0 -35 -30 -95 -130 0 -110 -60 -30 35 -90 -30 15 25 0 0 0 0 0 0 0 0 0 0 0 0 -5 0 0 0 0
1 1 0 0 0 0 0 0 0 0 0 -135 -10 -120 20 0 -35 -30 -95 -100 0 -85 -25 0 -5 -50 -60 -5 45 0 0 0 0 0 0 0 0 0 0 0 0 -5 0 0 0 0
1 1 0 0 0 0 0 0 0 20 0 -135 -10 -120 40 0 -35 -30 -95 -130 0 -110 -60 -30 35 -90 -30 15 25 0 0 0 0 0 0 0 0 0 0 0 0 -5 0 0 0 0
1 1 0 0 0 0 0 0 0 0 0 -135 -10 -120 20 0 -35 -30 -95 -100 0 -85 -25 0 -5 -50 -60 -5 45 0 0 0 0 0 0 0 0 0 0 0 0 -5 0 0 0 00 0 0 0 0 0 0 0 0 0 0 -135 0 0 90 0 -45 0 0 -90 0 -90 0 0 0 -90 0 0 0 0 0 0 0 0 0 0 0 0 0 0 0 -5 0 0 0 0
0 0 0 0 0 0 0 0 0 0 0 -135 50 0 60 0 -45 50 0 -60 0 -90 10 0 -5 -90 -10 0 5 0 0 0 0 0 0 0 0 0 0 0 0 -4.95 0.9 0 0 0
0 0 0 0 -90 70 90 0 0 0 0 0 0 0 -90 -90 -180 0 0 90 90 -90 0 0 180 -90 0 0 180 -0.5 -0.7 -0.7 0.25 -0.25 90 90 -0.9 -0.3 0.5 -0.3 -4.92535 -4.95 -9.58287 172 0 1
0 0 0 0 -90 20 90 0 0 0 0 0 0 0 -90 -90 -180 0 0 90 90 -90 0 0 180 -90 0 0 180 -0.5 -0.7 -0.7 0.25 -0.25 90 90 -0.9 -0.3 0.5 -0.3 4.05666 -4.95 -0.0956325 116 30 1
