1 1 0 0 0 0 0 0 0 0 0 -135 0 0 60 0 -45 0 0 -60 0 -90 0 0 0 -90 0 0 0 0 0 0 0 0 0 0 0 0 0 0 0 -4.9 -1.19209e-08 0 0 0
1 1 0 0 0 0 0 0 0 0 0 -135 -50 0 60 0 -45 -50 0 -60 0 -90 -10 0 5 -90 10 0 -5 0 0 0 0 0 0 0 0 0 0 0 0 -4.95 -0.3 0 0 0
1 1 0 0 0 0 0 0 0 0 0 -135 0 0 60 0 -45 0 0 -60 0 -90 0 0 0 -90 0 0 0 0 0 0 0 0 0 0 0 0 0 0 0 -5 -0.6 0 0 0
1 1 0 0 0 0 0 0 0 0 0 -135 50 0 60 0 -45 50 0 -60 0 -90 10 0 -5 -90 -10 0 5 0 0 0 0 0 0 0 0 0 0 0 0 -4.95 -0.9 0 0 0
1 1 0 0 0 0 0 0 0 0 0 -135 0 0 60 0 -45 0 0 -60 0 -90 0 0 0 -90 0 0 0 0 0 0 0 0 0 0 0 0 0 0 0 -4.9 -1.2 0 0 0
1 1 0 0 0 0 0 0 0 0 0 -135 -50 0 60 0 -45 -50 0 -60 0 -90 -10 0 5 -90 10 0 -5 0 0 0 0 0 0 0 0 0 0 0 0 -4.95 -1.5 0 0 0
1 1 0 0 0 0 0 0 0 0 0 -135 0 0 60 0 -45 0 0 -60 0 -90 0 0 0 -90 0 0 0 0 0 0 0 0 0 0 0 0 0 0 0 -5 -1.8 0 0 0
1 1 0 0 0 0 0 0 0 0 0 -135 50 0 60 0 -45 50 0 -60 0 -90 10 0 -5 -90 -10 0 5 0 0 0 0 0 0 0 0 0 0 0 0 -4.95 -2.1 0 0 0
1 1 0 0 0 0 0 0 0 0 0 -135 0 0 60 0 -45 0 0 -60 0 -90 0 0 0 -90 0 0 0 0 0 0 0 0 0 0 0 0 0 0 0 -4.9 -2.4 0 0 0
1 1 0 0 0 0 0 0 0 0 0 -135 -50 0 60 0 -45 -50 0 -60 0 -90 -10 0 5 -90 10 0 -5 0 0 0 0 0 0 0 0 0 0 0 0 -4.95 -2.7 0 0 0
1 1 0 0 -90 0 90 0 0 0 0 0 0 0 -90 -90 -180 0 0 90 90 -90 0 0 180 -90 0 0 180 -0.5 -0.7 -0.7 0.25 -0.25 90 90 -0.9 -0.3 0.5 -0.3 0.25 -4.95 -2.7 4 0 1
1 1 0 0 -90 0 90 0 0 0 0 0 0 0 -90 -90 -180 0 0 90 90 -90 0 0 180 -90 0 0 180 -0.5 -0.7 -0.7 0.25 -0.25 90 90 -0.9 -0.3 0.5 -0.3 -6.5 -4.95 -2.7 -104 0 1
1 1 0 0 -90 40 90 0 0 0 0 0 0 0 -90 -90 -180 0 0 90 90 -90 0 0 180 -90 0 0 180 -0.5 -0.7 -0.7 0.25 -0.25 90 90 -0.9 -0.3 0.5 -0.3 -4.18896 -4.95 -3.45016 -64 0 1
1 1 0 0 -90 40 90 0 0 0 0 0 0 0 -90 -90 -180 0 0 90 90 -90 0 0 180 -90 0 0 180 -0.5 -0.7 -0.7 0.25 -0.25 90 90 -0.9 -0.3 0.5 -0.3 -2.65687 -4.95 -4.73573 -32 0 1
1 1 0 0 -90 40 90 0 0 0 0 0 0 0 -90 -90 -180 0 0 90 90 -90 0 0 180 -90 0 0 180 -0.5 -0.7 -0.7 0.25 -0.25 90 90 -0.9 -0.3 0.5 -0.3 -1.89083 -4.95 -5.37852 -16 0 1
1 1 0 0 -90 80 90 0 0 0 0 0 0 0 -90 -90 -180 0 0 90 90 -90 0 0 180 -90 0 0 180 -0.5 -0.7 -0.7 0.25 -0.25 90 90 -0.9 -0.3 0.5 -0.3 0.602061 -4.95 -8.4098 48 30 1
1 1 0 0 -90 80 90 0 0 0 0 0 0 0 -90 -90 -180 0 0 90 90 -90 0 0 180 -90 0 0 180 -0.5 -0.7 -0.7 0.25 -0.25 90 90 -0.9 -0.3 0.5 -0.3 2.33854 -4.95 -18.2579 208 0 1
1 1 0 0 0 0 0 0 0 0 0 -135 0 0 90 0 -45 0 0 -90 0 -90 0 0 0 -90 0 0 0 0 0 0 0 0 0 0 0 0 0 0 2.33854 -4.95 -18.2579 208 0 0
1 1 0 0 0 0 0 0 0 0 0 -135 50 0 60 0 -45 50 0 -60 0 -90 10 0 -5 -90 -10 0 5 0 0 0 0 0 0 0 0 0 0 0 2.33854 -5 -18.5579 208 0 0
1 1 0 0 0 0 0 0 0 0 0 -135 100 0 60 0 -45 100 0 -60 0 -90 20 0 -10 -90 -20 0 10 0 0 0 0 0 0 0 0 0 0 0 2.33854 -4.95 -18.8579 208 0 0
1 1 0 0 0 0 0 0 0 0 0 -135 0 0 60 0 -45 0 0 -60 0 -90 0 0 0 -90 0 0 0 0 0 0 0 0 0 0 0 0 0 0 2.33854 -4.95 -18.2579 208 0 0
1 1 0 0 0 0 0 0 0 0 0 -135 50 0 60 0 -45 50 0 -60 0 -90 10 0 -5 -90 -10 0 5 0 0 0 0 0 0 0 0 0 0 0 2.33854 -5 -17.9579 208 0 0
1 1 0 0 0 0 0 0 0 0 0 -135 100 0 60 0 -45 100 0 -60 0 -90 20 0 -10 -90 -20 0 10 0 0 0 0 0 0 0 0 0 0 0 2.33854 -4.95 -17.6579 208 0 0
1 1 0 0 0 0 0 0 0 0 0 -135 50 0 60 0 -45 50 0 -60 0 -90 10 0 -5 -90 -10 0 5 0 0 0 0 0 0 0 0 0 0 0 2.33854 -4.9 -17.3579 208 0 0
1 1 0 0 0 0 0 0 0 0 0 -135 0 0 60 0 -45 0 0 -60 0 -90 0 0 0 -90 0 0 0 0 0 0 0 0 0 0 0 0 0 0 2.33854 -4.95 -17.0579 208 0 0
1 1 0 0 0 0 0 0 0 0 0 -135 50 0 60 0 -45 50 0 -60 0 -90 10 0 -5 -90 -10 0 5 0 0 0 0 0 0 0 0 0 0 0 2.33854 -5 -16.7579 208 0 0
1 1 0 0 0 0 0 0 0 0 0 -135 100 0 60 0 -45 100 0 -60 0 -90 20 0 -10 -90 -20 0 10 0 0 0 0 0 0 0 0 0 0 0 2.33854 -4.95 -16.4579 208 0 0
1 1 0 0 0 0 0 0 0 0 0 -135 50 0 60 0 -45 50 0 -60 0 -90 10 0 -5 -90 -10 0 5 0 0 0 0 0 0 0 0 0 0 0 2.33854 -4.9 -16.1579 208 0 0
1 1 0 0 0 0 0 0 0 0 0 -135 0 0 60 0 -45 0 0 -60 0 -90 0 0 0 -90 0 0 0 0 0 0 0 0 0 0 0 0 0 0 2.33854 -4.95 -15.8579 208 0 0
1 1 0 0 0 0 0 0 0 0 0 -135 50 0 60 0 -45 50 0 -60 0 -90 10 0 -5 -90 -10 0 5 0 0 0 0 0 0 0 0 0 0 0 2.33854 -5 -15.5579 208 0 0
1 1 0 0 0 -5 0 0 0 0 0 -135 100 0 60 30 -45 100 0 -60 30 -90 20 0 -10 -90 -20 0 10 0 0 0 0 0 0 0 0 0 0 0 2.33854 -4.95 -15.2579 208 0 0
1 1 0 0 0 -15 0 0 0 0 0 -135 0 0 60 30 -45 0 0 -60 30 -90 0 0 0 -90 0 0 0 0 0 0 0 0 0 0 0 0 0 0 2.2603 -4.95 -14.6636 208 0 0
1 1 0 0 0 -20 0 0 0 0 0 -135 50 0 60 30 -45 50 0 -60 30 -90 10 0 -5 -90 -10 0 5 0 0 0 0 0 0 0 0 0 0 0 2.18266 -5 -14.3738 208 0 0
1 1 0 0 0 -25 0 0 0 0 0 -135 100 0 60 30 -45 100 0 -60 30 -90 20 0 -10 -90 -20 0 10 0 0 0 0 0 0 0 0 0 0 0 2.08005 -4.95 -14.0919 208 0 0
1 1 0 0 0 -35 0 0 0 0 0 -135 0 0 60 30 -45 0 0 -60 30 -90 0 0 0 -90 0 0 0 0 0 0 0 0 0 0 0 0 0 0 1.80327 -4.95 -13.5602 208 0 0
1 1 0 0 0 -35 0 0 0 0 0 -135 50 0 60 0 -45 50 0 -60 0 -90 10 0 -5 -90 -10 0 5 0 0 0 0 0 0 0 0 0 0 0 1.63119 -5 -13.3144 208 0 0
1 1 0 0 0 -35 0 0 0 0 0 -135 100 0 60 0 -45 100 0 -60 0 -90 20 0 -10 -90 -20 0 10 0 0 0 0 0 0 0 0 0 0 0 1.45912 -4.95 -13.0687 208 0 0
1 1 0 0 0 -35 0 0 0 0 0 -135 50 0 60 0 -45 50 0 -60 0 -90 10 0 -5 -90 -10 0 5 0 0 0 0 0 0 0 0 0 0 0 1.28705 -4.9 -12.823 208 0 0
1 1 0 0 0 -35 0 0 0 0 0 -135 0 0 60 0 -45 0 0 -60 0 -90 0 0 0 -90 0 0 0 0 0 0 0 0 0 0 0 0 0 0 1.11497 -4.95 -12.5772 208 0 0
1 1 0 0 0 -35 0 0 0 0 0 -135 50 0 60 0 -45 50 0 -60 0 -90 10 0 -5 -90 -10 0 5 0 0 0 0 0 0 0 0 0 0 0 0.942901 -5 -12.3315 208 0 0
1 1 0 0 0 -35 0 0 0 0 0 -135 100 0 60 0 -45 100 0 -60 0 -90 20 0 -10 -90 -20 0 10 0 0 0 0 0 0 0 0 0 0 0 0.770828 -4.95 -12.0857 208 0 0
1 1 0 0 0 -35 0 0 0 0 0 -135 50 0 60 0 -45 50 0 -60 0 -90 10 0 -5 -90 -10 0 5 0 0 0 0 0 0 0 0 0 0 0 0.598755 -4.9 -11.84 208 0 0
1 1 0 0 0 -35 0 0 0 0 0 -135 0 0 60 0 -45 0 0 -60 0 -90 0 0 0 -90 0 0 0 0 0 0 0 0 0 0 0 0 0 0 0.426682 -4.95 -11.5942 208 0 0
1 1 0 0 0 -35 0 0 0 0 0 -135 50 0 60 0 -45 50 0 -60 0 -90 10 0 -5 -90 -10 0 5 0 0 0 0 0 0 0 0 0 0 0 0.254609 -5 -11.3485 208 0 0
1 1 0 0 0 -35 0 0 0 0 0 -135 100 0 60 0 -45 100 0 -60 0 -90 20 0 -10 -90 -20 0 10 0 0 0 0 0 0 0 0 0 0 0 0.0825361 -4.95 -11.1027 208 0 0
1 1 0 0 0 -35 0 0 0 0 0 -135 50 0 60 0 -45 50 0 -60 0 -90 10 0 -5 -90 -10 0 5 0 0 0 0 0 0 0 0 0 0 0 -0.0895369 -4.9 -10.857 208 0 0
1 1 0 0 0 -35 0 0 0 0 0 -135 0 0 60 0 -45 0 0 -60 0 -90 0 0 0 -90 0 0 0 0 0 0 0 0 0 0 0 0 0 0 -0.26161 -4.95 -10.6112 208 0 0
1 1 0 0 0 -35 0 0 0 0 0 -135 50 0 60 0 -45 50 0 -60 0 -90 10 0 -5 -90 -10 0 5 0 0 0 0 0 0 0 0 0 0 0 -0.433683 -5 -10.3655 208 0 0
1 1 0 0 0 -35 0 0 0 0 0 -135 100 0 60 0 -45 100 0 -60 0 -90 20 0 -10 -90 -20 0 10 0 0 0 0 0 0 0 0 0 0 0 -0.605756 -4.95 -10.1197 208 0 0
1 1 0 0 0 -35 0 0 0 0 0 -135 50 0 60 0 -45 50 0 -60 0 -90 10 0 -5 -90 -10 0 5 0 0 0 0 0 0 0 0 0 0 0 -0.777829 -4.9 -9.874 208 0 0
1 1 0 0 0 -35 0 0 0 0 0 -135 0 0 60 0 -45 0 0 -60 0 -90 0 0 0 -90 0 0 0 0 0 0 0 0 0 0 0 0 0 0 -0.949902 -4.95 -9.62826 208 0 0
1 1 0 0 0 -35 0 0 0 0 0 -135 50 0 60 0 -45 50 0 -60 0 -90 10 0 -5 -90 -10 0 5 0 0 0 0 0 0 0 0 0 0 0 -1.12197 -5 -9.38251 208 0 0
1 1 0 0 0 -35 0 0 0 0 0 -135 100 0 60 0 -45 100 0 -60 0 -90 20 0 -10 -90 -20 0 10 0 0 0 0 0 0 0 0 0 0 0 -1.29405 -4.95 -9.13677 208 0 0
1 1 0 0 0 -35 0 0 0 0 0 -135 100 0 60 0 -45 100 0 -60 0 -90 20 0 -10 -90 -20 0 10 0 0 0 0 0 0 0 0 0 0 0 -1.29405 -4.95 -9.13677 208 0 0
1 1 0 0 0 -35 0 0 0 0 0 -135 100 0 60 0 -45 100 0 -60 0 -90 20 0 -10 -90 -20 0 10 0 0 0 0 0 0 0 0 0 0 0 -1.29405 -4.95 -9.13677 208 0 0
1 1 0 0 0 -35 0 0 0 0 0 -135 50 0 60 0 -45 50 0 -60 0 -90 10 0 -5 -90 -10 0 5 0 0 0 0 0 0 0 0 0 0 0 -1.46612 -4.9 -8.89102 208 0 0
1 1 0 0 0 -35 0 0 0 0 0 -135 0 0 60 0 -45 0 0 -60 0 -90 0 0 0 -90 0 0 0 0 0 0 0 0 0 0 0 0 0 0 -1.63819 -4.95 -8.64527 208 0 0
1 1 0 0 0 -35 0 0 0 0 0 -135 50 0 60 0 -45 50 0 -60 0 -90 10 0 -5 -90 -10 0 5 0 0 0 0 0 0 0 0 0 0 0 -1.81027 -5 -8.39953 208 0 0
1 1 0 0 0 -35 0 0 0 0 0 -135 100 0 60 0 -45 100 0 -60 0 -90 20 0 -10 -90 -20 0 10 0 0 0 0 0 0 0 0 0 0 0 -1.98234 -4.95 -8.15378 208 0 0
1 1 0 0 -90 0 90 0 0 0 0 0 0 0 -90 -90 -180 0 0 90 90 -90 0 0 180 -90 0 0 180 -0.5 -0.7 -0.7 0.25 -0.25 90 90 -0.9 -0.3 0.5 -0.3 -1.98234 -4.95 -8.15378 208 0 1
1 1 0 0 -90 0 90 0 0 0 0 0 0 0 -90 -90 -180 0 0 90 90 -90 0 0 180 -90 0 0 180 -0.5 -0.7 -0.7 0.25 -0.25 90 90 -0.9 -0.3 0.5 -0.3 -1.98234 -4.95 -8.15378 208 0 1
1 1 0 0 -90 -10 90 0 0 0 0 0 0 0 -90 -90 -180 0 0 90 90 -90 0 0 180 -90 0 0 180 -0.5 -0.7 -0.7 0.25 -0.25 90 90 -0.9 -0.3 0.5 -0.3 -1.23329 -4.95 -8.13199 220 -30 1
