1 1 0 0 0 0 0 0 0 0 0 -135 0 0 90 0 -45 0 0 -90 0 -90 0 0 0 -90 0 0 0 0 0 0 0 0 0 0 0 0 0 0 0 -5 0 0 0 0 -8 -9 -10
1 1 0 0 0 0 0 0 0 0 10 -135 0 0 90 0 -45 0 0 -90 0 -90 0 0 0 -90 0 0 0 0 0 0 0 0 0 0 0 0 0 0 0 -5 0 0 0 0 -8 -9 -10
1 1 0 0 0 0 0 0 0 0 20 -135 0 0 90 0 -45 0 0 -90 0 -90 0 0 0 -90 0 0 0 0 0 0 0 0 0 0 0 0 0 0 0 -5 0 0 0 0 -8 -9 -10
1 1 0 0 0 0 0 0 0 0 10 -135 0 0 90 0 -45 0 0 -90 0 -90 0 0 0 -90 0 0 0 0 0 0 0 0 0 0 0 0 0 0 0 -5 0 0 0 0 -8 -9 -10
1 1 0 0 0 0 0 0 0 0 0 -135 0 0 90 0 -45 0 0 -90 0 -90 0 0 0 -90 0 0 0 0 0 0 0 0 0 0 0 0 0 0 0 -5 0 0 0 0 -8 -9 -10
1 1 0 0 0 0 0 0 0 0 -10 -135 0 0 90 0 -45 0 0 -90 0 -90 0 0 0 -90 0 0 0 0 0 0 0 0 0 0 0 0 0 0 0 -5 0 0 0 0 -8 -9 -10
1 1 0 0 0 0 0 0 0 0 -20 -135 0 0 90 0 -45 0 0 -90 0 -90 0 0 0 -90 0 0 0 0 0 0 0 0 0 0 0 0 0 0 0 -5 0 0 0 0 -8 -9 -10
1 1 0 0 0 0 0 0 0 0 -20 -135 50 0 60 0 -45 50 0 -60 0 -90 10 0 -5 -90 -10 0 5 0 0 0 0 0 0 0 0 0 0 0 0 -4.95 -0.3 0 0 0 -8 -9 -10
1 1 0 0 0 0 0 0 0 0 -20 -135 0 0 60 0 -45 0 0 -60 0 -90 0 0 0 -90 0 0 0 0 0 0 0 0 0 0 0 0 0 0 0 -4.9 -0.6 0 0 0 -8 -9 -10
1 1 0 0 0 0 0 0 0 0 -20 -135 -50 0 60 0 -45 -50 0 -60 0 -90 -10 0 5 -90 10 0 -5 0 0 0 0 0 0 0 0 0 0 0 0 -4.95 -0.9 0 0 0 -8 -9 -10
1 1 0 0 0 0 0 0 0 0 -20 -135 0 0 60 0 -45 0 0 -60 0 -90 0 0 0 -90 0 0 0 0 0 0 0 0 0 0 0 0 0 0 0 -5 -1.2 0 0 0 -8 -9 -10
1 1 0 0 0 0 0 0 0 0 -20 -135 50 0 60 0 -45 50 0 -60 0 -90 10 0 -5 -90 -10 0 5 0 0 0 0 0 0 0 0 0 0 0 0 -4.95 -1.5 0 0 0 -8 -9 -10
1 1 0 0 0 0 0 0 0 0 -20 -135 0 0 60 0 -45 0 0 -60 0 -90 0 0 0 -90 0 0 0 0 0 0 0 0 0 0 0 0 0 0 0 -4.9 -1.2 0 0 0 -8 -9 -10
1 1 0 0 0 -5 0 0 0 0 -20 -135 -50 0 60 30 -45 -50 0 -60 30 -90 -10 0 5 -90 10 0 -5 0 0 0 0 0 0 0 0 0 0 0 0 -4.95 -0.9 0 0 0 -8 -9 -10
1 1 0 0 0 -10 0 0 0 0 -20 -135 0 0 60 30 -45 0 0 -60 30 -90 0 0 0 -90 0 0 0 0 0 0 0 0 0 0 0 0 0 0 -0.0261467 -5 -0.601142 0 0 0 -8 -9 -10
1 1 0 0 0 -15 0 0 0 0 -20 -135 50 0 60 30 -45 50 0 -60 30 -90 10 0 -5 -90 -10 0 5 0 0 0 0 0 0 0 0 0 0 0 -0.0782412 -4.95 -0.305699 0 0 0 -8 -9 -10
1 1 0 0 0 -20 0 0 0 0 -20 -135 0 0 60 30 -45 0 0 -60 30 -90 0 0 0 -90 0 0 0 0 0 0 0 0 0 0 0 0 0 0 -0.155887 -4.9 -0.0159216 0 0 0 -8 -9 -10
1 1 0 0 0 -25 0 0 0 0 -20 -135 -50 0 60 30 -45 -50 0 -60 30 -90 -10 0 5 -90 10 0 -5 0 0 0 0 0 0 0 0 0 0 0 -0.258493 -4.95 0.265986 0 0 0 -8 -9 -10
1 1 0 0 0 -30 0 0 0 0 -20 -135 0 0 60 30 -45 0 0 -60 30 -90 0 0 0 -90 0 0 0 0 0 0 0 0 0 0 0 0 0 0 -0.385278 -5 0.537879 0 0 0 -8 -9 -10
1 1 0 0 0 -35 0 0 0 0 -20 -135 50 0 60 30 -45 50 0 -60 30 -90 10 0 -5 -90 -10 0 5 0 0 0 0 0 0 0 0 0 0 0 -0.535278 -4.95 0.797686 0 0 0 -8 -9 -10
1 1 0 0 0 -40 0 0 0 0 -20 -135 0 0 60 30 -45 0 0 -60 30 -90 0 0 0 -90 0 0 0 0 0 0 0 0 0 0 0 0 0 0 -0.707351 -4.9 1.04343 0 0 0 -8 -9 -10
1 1 0 0 0 -45 0 0 0 0 -20 -135 -50 0 60 30 -45 -50 0 -60 30 -90 -10 0 5 -90 10 0 -5 0 0 0 0 0 0 0 0 0 0 0 -0.900188 -4.95 1.27325 0 0 0 -8 -9 -10
1 1 0 0 0 -50 0 0 0 0 -20 -135 0 0 60 30 -45 0 0 -60 30 -90 0 0 0 -90 0 0 0 0 0 0 0 0 0 0 0 0 0 0 -1.11232 -5 1.48538 0 0 0 -8 -9 -10
1 1 0 0 0 -55 0 0 0 0 -20 -135 50 0 60 30 -45 50 0 -60 30 -90 10 0 -5 -90 -10 0 5 0 0 0 0 0 0 0 0 0 0 0 -1.34213 -4.95 1.67821 0 0 0 -8 -9 -10
1 1 0 0 0 -60 0 0 0 0 -20 -135 0 0 60 30 -45 0 0 -60 30 -90 0 0 0 -90 0 0 0 0 0 0 0 0 0 0 0 0 0 0 -1.58788 -4.9 1.85029 0 0 0 -8 -9 -10
1 1 0 0 0 -65 0 0 0 0 -20 -135 -50 0 60 30 -45 -50 0 -60 30 -90 -10 0 5 -90 10 0 -5 0 0 0 0 0 0 0 0 0 0 0 -1.84769 -4.95 2.00029 0 0 0 -8 -9 -10
1 1 0 0 0 -70 0 0 0 0 -20 -135 0 0 60 30 -45 0 0 -60 30 -90 0 0 0 -90 0 0 0 0 0 0 0 0 0 0 0 0 0 0 -2.11958 -5 2.12707 0 0 0 -8 -9 -10
1 1 0 0 0 -75 0 0 0 0 -20 -135 50 0 60 30 -45 50 0 -60 30 -90 10 0 -5 -90 -10 0 5 0 0 0 0 0 0 0 0 0 0 0 -2.40149 -4.95 2.22968 0 0 0 -8 -9 -10
1 1 0 0 0 -80 0 0 0 0 -20 -135 0 0 60 30 -45 0 0 -60 30 -90 0 0 0 -90 0 0 0 0 0 0 0 0 0 0 0 0 0 0 -2.69126 -4.9 2.30732 0 0 0 -8 -9 -10
1 1 0 0 0 -85 0 0 0 0 -20 -135 -50 0 60 30 -45 -50 0 -60 30 -90 -10 0 5 -90 10 0 -5 0 0 0 0 0 0 0 0 0 0 0 -2.98671 -4.95 2.35942 0 0 0 -8 -9 -10
1 1 0 0 0 -90 0 0 0 0 -20 -135 0 0 60 30 -45 0 0 -60 30 -90 0 0 0 -90 0 0 0 0 0 0 0 0 0 0 0 0 0 0 -3.28556 -5 2.38556 0 0 0 -8 -9 -10
1 1 0 0 0 -95 0 0 0 0 -20 -135 50 0 60 30 -45 50 0 -60 30 -90 10 0 -5 -90 -10 0 5 0 0 0 0 0 0 0 0 0 0 0 -3.58556 -4.95 2.38556 0 0 0 -8 -9 -10
1 1 0 0 0 -100 0 0 0 0 -20 -135 0 0 60 30 -45 0 0 -60 30 -90 0 0 0 -90 0 0 0 0 0 0 0 0 0 0 0 0 0 0 -3.88442 -4.9 2.35942 0 0 0 -8 -9 -10
1 1 0 0 0 -105 0 0 0 0 -20 -135 -50 0 60 30 -45 -50 0 -60 30 -90 -10 0 5 -90 10 0 -5 0 0 0 0 0 0 0 0 0 0 0 -4.17987 -4.95 2.30732 0 0 0 -8 -9 -10
1 1 0 0 0 -110 0 0 0 0 -20 -135 0 0 60 30 -45 0 0 -60 30 -90 0 0 0 -90 0 0 0 0 0 0 0 0 0 0 0 0 0 0 -4.46964 -5 2.22968 0 0 0 -8 -9 -10
1 1 0 0 0 -115 0 0 0 0 -20 -135 50 0 60 30 -45 50 0 -60 30 -90 10 0 -5 -90 -10 0 5 0 0 0 0 0 0 0 0 0 0 0 -4.75155 -4.95 2.12707 0 0 0 -8 -9 -10
1 1 0 0 0 -120 0 0 0 0 -20 -135 0 0 60 30 -45 0 0 -60 30 -90 0 0 0 -90 0 0 0 0 0 0 0 0 0 0 0 0 0 0 -5.02344 -4.9 2.00029 0 0 0 -8 -9 -10
1 1 0 0 0 -125 0 0 0 0 -20 -135 -50 0 60 30 -45 -50 0 -60 30 -90 -10 0 5 -90 10 0 -5 0 0 0 0 0 0 0 0 0 0 0 -5.28325 -4.95 1.85029 0 0 0 -8 -9 -10
1 1 0 0 0 -130 0 0 0 0 -20 -135 0 0 60 30 -45 0 0 -60 30 -90 0 0 0 -90 0 0 0 0 0 0 0 0 0 0 0 0 0 0 -5.529 -5 1.67821 0 0 0 -8 -9 -10
1 1 0 0 0 -135 0 0 0 0 -20 -135 50 0 60 30 -45 50 0 -60 30 -90 10 0 -5 -90 -10 0 5 0 0 0 0 0 0 0 0 0 0 0 -5.75881 -4.95 1.48538 0 0 0 -8 -9 -10
1 1 0 0 0 -140 0 0 0 0 -20 -135 0 0 60 30 -45 0 0 -60 30 -90 0 0 0 -90 0 0 0 0 0 0 0 0 0 0 0 0 0 0 -5.97094 -4.9 1.27325 0 0 0 -8 -9 -10
1 1 0 0 0 -145 0 0 0 0 -20 -135 -50 0 60 30 -45 -50 0 -60 30 -90 -10 0 5 -90 10 0 -5 0 0 0 0 0 0 0 0 0 0 0 -6.16378 -4.95 1.04343 0 0 0 -8 -9 -10
1 1 0 0 0 -150 0 0 0 0 -20 -135 0 0 60 30 -45 0 0 -60 30 -90 0 0 0 -90 0 0 0 0 0 0 0 0 0 0 0 0 0 0 -6.33585 -5 0.797686 0 0 0 -8 -9 -10
1 1 0 0 0 -155 0 0 0 0 -20 -135 50 0 60 30 -45 50 0 -60 30 -90 10 0 -5 -90 -10 0 5 0 0 0 0 0 0 0 0 0 0 0 -6.48585 -4.95 0.537879 0 0 0 -8 -9 -10
1 1 0 0 0 -160 0 0 0 0 -20 -135 0 0 60 30 -45 0 0 -60 30 -90 0 0 0 -90 0 0 0 0 0 0 0 0 0 0 0 0 0 0 -6.61264 -4.9 0.265986 0 0 0 -8 -9 -10
1 1 0 0 0 -165 0 0 0 0 -20 -135 -50 0 60 30 -45 -50 0 -60 30 -90 -10 0 5 -90 10 0 -5 0 0 0 0 0 0 0 0 0 0 0 -6.71524 -4.95 -0.0159215 0 0 0 -8 -9 -10
1 1 0 0 0 -170 0 0 0 0 -20 -135 0 0 60 30 -45 0 0 -60 30 -90 0 0 0 -90 0 0 0 0 0 0 0 0 0 0 0 0 0 0 -6.79289 -5 -0.305699 0 0 0 -8 -9 -10
1 1 0 0 0 -175 0 0 0 0 -20 -135 50 0 60 30 -45 50 0 -60 30 -90 10 0 -5 -90 -10 0 5 0 0 0 0 0 0 0 0 0 0 0 -6.84498 -4.95 -0.601142 0 0 0 -8 -9 -10
1 1 0 0 0 -180 0 0 0 0 -20 -135 0 0 60 30 -45 0 0 -60 30 -90 0 0 0 -90 0 0 0 0 0 0 0 0 0 0 0 0 0 0 -6.87113 -4.9 -0.9 0 0 0 -8 -9 -10
1 1 0 0 0 -185 0 0 0 0 -20 -135 0 0 60 0 -45 0 0 -60 0 -90 0 0 0 -90 0 0 0 0 0 0 0 0 0 0 0 0 0 0 -6.84498 -5 -1.49886 0 0 0 -8 -9 -10
1 1 0 0 0 -185 0 0 0 0 -20 -135 0 0 60 0 -45 0 0 -60 0 -90 0 0 0 -90 0 0 0 0 0 0 0 0 0 0 0 0 0 0 -6.84498 -5 -1.49886 0 0 0 -8 -9 -10
1 1 0 0 0 -185 0 0 0 0 -20 -135 50 0 60 0 -45 50 0 -60 0 -90 10 0 -5 -90 -10 0 5 0 0 0 0 0 0 0 0 0 0 0 -6.81884 -4.95 -1.79772 0 0 0 -8 -9 -10
1 1 0 0 0 -185 0 0 0 0 -20 -135 0 0 60 0 -45 0 0 -60 0 -90 0 0 0 -90 0 0 0 0 0 0 0 0 0 0 0 0 0 0 -6.79269 -4.9 -2.09658 0 0 0 -8 -9 -10
1 1 0 0 0 -185 0 0 0 0 -20 -135 -50 0 60 0 -45 -50 0 -60 0 -90 -10 0 5 -90 10 0 -5 0 0 0 0 0 0 0 0 0 0 0 -6.76654 -4.95 -2.39543 0 0 0 -8 -9 -10
1 1 0 0 0 -185 0 0 0 0 -20 -135 0 0 60 0 -45 0 0 -60 0 -90 0 0 0 -90 0 0 0 0 0 0 0 0 0 0 0 0 0 0 -6.74039 -5 -2.69429 0 0 0 -8 -9 -10
1 1 0 0 0 -185 0 0 0 0 -20 -135 50 0 60 0 -45 50 0 -60 0 -90 10 0 -5 -90 -10 0 5 0 0 0 0 0 0 0 0 0 0 0 -6.71425 -4.95 -2.99315 0 0 0 -8 -9 -10
1 1 0 0 0 -185 0 0 0 0 -20 -135 0 0 60 0 -45 0 0 -60 0 -90 0 0 0 -90 0 0 0 0 0 0 0 0 0 0 0 0 0 0 -6.6881 -4.9 -3.29201 0 0 0 -8 -9 -10
1 1 0 0 0 -185 0 0 0 0 -20 -135 50 0 60 0 -45 50 0 -60 0 -90 10 0 -5 -90 -10 0 5 0 0 0 0 0 0 0 0 0 0 0 -6.60966 -4.95 -4.18858 0 0 0 -8 -9 -10
1 1 0 0 0 -185 0 0 0 0 -20 -135 0 0 60 0 -45 0 0 -60 0 -90 0 0 0 -90 0 0 0 0 0 0 0 0 0 0 0 0 0 0 -6.58351 -4.9 -4.48744 0 0 0 -8 -9 -10
1 1 0 0 0 -185 0 0 0 0 -20 -135 -50 0 60 0 -45 -50 0 -60 0 -90 -10 0 5 -90 10 0 -5 0 0 0 0 0 0 0 0 0 0 0 -6.55737 -4.95 -4.7863 0 0 0 -8 -9 -10
1 1 0 0 0 -185 0 0 0 0 -20 -135 0 0 60 -30 -45 0 0 -60 -30 -90 0 0 0 -90 0 0 0 0 0 0 0 0 0 0 0 0 0 0 -6.53122 -5 -5.08516 0 0 0 -8 -9 -10
1 1 0 0 0 -185 0 0 0 0 -20 -135 -50 0 60 0 -45 -50 0 -60 0 -90 -10 0 5 -90 10 0 -5 0 0 0 0 0 0 0 0 0 0 0 -6.45278 -4.95 -5.98174 0 0 0 -8 -9 -10
1 1 0 0 0 -185 0 0 0 0 -20 -135 50 0 60 0 -45 50 0 -60 0 -90 10 0 -5 -90 -10 0 5 0 0 0 0 0 0 0 0 0 0 0 -6.40049 -4.95 -6.57945 0 0 0 -8 -9 -10
1 1 0 0 0 -185 0 0 0 0 -20 -135 50 0 60 0 -45 50 0 -60 0 -90 10 0 -5 -90 -10 0 5 0 0 0 0 0 0 0 0 0 0 0 -6.40049 -4.95 -6.57945 0 0 0 -8 -9 -10
1 1 0 0 0 -185 0 0 0 0 -20 -135 0 0 60 0 -45 0 0 -60 0 -90 0 0 0 -90 0 0 0 0 0 0 0 0 0 0 0 0 0 0 -6.37434 -4.9 -6.87831 0 0 0 -8 -9 -10
1 1 0 0 0 -185 0 0 0 0 -20 -135 0 0 60 0 -45 0 0 -60 0 -90 0 0 0 -90 0 0 0 0 0 0 0 0 0 0 0 0 0 0 -6.32204 -5 -7.47603 0 0 0 -8 -9 -10
1 1 0 0 0 -185 0 0 0 0 -20 -135 0 0 60 0 -45 0 0 -60 0 -90 0 0 -5 -90 10 0 -5 0 0 0 0 0 0 0 0 0 0 0 -6.32204 -5 -7.47603 0 0 0 -8 -9 -10
1 1 0 0 0 -185 0 0 0 0 -20 -135 0 0 60 0 -45 0 0 -60 0 -90 0 0 -5 -90 10 0 -5 0 0 0 0 0 0 0 0 0 0 0 -6.32204 -5 -7.47603 0 0 0 -8 -9 -10
1 1 0 0 0 -185 0 0 0 0 -20 -135 0 0 60 0 -45 0 0 -60 0 -90 0 0 -5 -90 10 0 -5 0 0 0 0 0 0 0 0 0 0 0 -6.32204 -5 -7.47603 0 0 0 -8 -9 -10
1 1 0 0 0 -185 0 0 0 0 -20 -135 0 0 60 0 -45 0 0 -60 0 -90 0 0 -5 -90 10 0 -5 0 0 0 0 0 0 0 0 0 0 0 -6.32204 -5 -7.47603 0 0 0 -8 -9 -10
1 1 0 0 0 -185 0 0 0 0 -20 -135 0 0 60 0 -45 0 0 -60 0 -90 0 0 -5 -90 20 0 -5 0 0 0 0 0 0 0 0 0 0 0 -6.32204 -5 -7.47603 0 0 0 -8 -9 -10
1 1 0 0 0 -185 0 0 0 0 -20 -135 0 0 60 0 -45 0 0 -60 0 -90 0 0 -5 -90 30 0 -5 0 0 0 0 0 0 0 0 0 0 0 -6.32204 -5 -7.47603 0 0 0 -8 -9 -10
1 1 0 0 0 -185 0 0 0 0 -20 -135 0 0 60 0 -45 0 0 -60 0 -90 0 0 -5 -90 40 0 -5 0 0 0 0 0 0 0 0 0 0 0 -6.32204 -5 -7.47603 0 0 0 -8 -9 -10
1 1 0 0 0 -185 0 0 0 0 -20 -135 0 0 60 0 -45 0 0 -60 0 -90 0 0 -5 -90 50 0 -5 0 0 0 0 0 0 0 0 0 0 0 -6.32204 -5 -7.47603 0 0 0 -8 -9 -10
1 1 0 0 0 -185 0 0 0 0 -20 -135 0 0 60 0 -45 0 0 -60 0 -90 0 0 -5 -90 60 0 -5 0 0 0 0 0 0 0 0 0 0 0 -6.32204 -5 -7.47603 0 0 0 -8 -9 -10
1 1 0 0 0 -185 0 0 0 0 -20 -135 0 0 60 0 -45 0 0 -60 0 -90 0 0 -5 -90 50 0 -5 0 0 0 0 0 0 0 0 0 0 0 -6.32204 -5 -7.47603 0 0 0 -8 -9 -10
1 1 0 0 0 -185 0 0 0 0 -20 -135 0 0 60 0 -45 0 0 -60 0 -90 0 0 -5 -90 40 0 -5 0 0 0 0 0 0 0 0 0 0 0 -6.32204 -5 -7.47603 0 0 0 -8 -9 -10
1 1 0 0 0 -185 0 0 0 0 -20 -135 0 0 60 0 -45 0 0 -60 0 -90 0 0 -5 -90 30 0 -5 0 0 0 0 0 0 0 0 0 0 0 -6.32204 -5 -7.47603 0 0 0 -8 -9 -10
1 1 0 0 0 -185 0 0 0 0 -20 -135 0 0 60 0 -45 0 0 -60 0 -90 0 0 -5 -90 20 0 -5 0 0 0 0 0 0 0 0 0 0 0 -6.32204 -5 -7.47603 0 0 0 -8 -9 -10
1 1 0 0 0 -185 0 0 0 0 -20 -135 0 0 60 0 -45 0 0 -60 0 -90 0 0 -5 -90 10 0 -5 0 0 0 0 0 0 0 0 0 0 0 -6.32204 -5 -7.47603 0 0 0 -8 -9 -10
1 1 0 0 0 -185 0 0 0 0 -20 -135 0 0 60 0 -45 0 0 -60 0 -90 0 0 -5 -90 0 0 -5 0 0 0 0 0 0 0 0 0 0 0 -6.32204 -5 -7.47603 0 0 0 -8 -9 -10
1 1 0 0 0 -185 0 0 0 0 -20 -135 0 0 60 0 -45 0 0 -60 0 -90 0 0 -5 -90 0 0 -5 0 0 0 0 0 0 0 0 0 0 0 -6.21746 -5 -8.67146 0 0 0 -8.0 -9 -80.0
