1 1 0 0 0 0 0 0 0 0 0 -135 0 0 80 0 -45 0 0 -80 0 -90 0 0 0 -90 0 0 0 0 0 0 0 0 0 0 0 0 0 0 0 -5 0 0 0 0
1 1 0 0 0 0 0 0 0 0 0 -135 0 0 70 0 -45 0 0 -70 0 -90 0 0 0 -90 0 0 0 0 0 0 0 0 0 0 0 0 0 0 0 -5 0 0 0 0
1 1 0 0 0 0 0 0 0 0 0 -135 0 0 60 0 -45 0 0 -60 0 -90 0 0 0 -90 0 0 0 0 0 0 0 0 0 0 0 0 0 0 0 -5 0 0 0 0
1 1 0 0 0 0 0 0 0 0 0 -135 0 0 50 0 -45 0 0 -50 0 -90 0 0 0 -90 0 0 0 0 0 0 0 0 0 0 0 0 0 0 0 -5 0 0 0 0
1 1 0 0 0 0 0 0 0 0 0 -135 0 0 30 0 -45 0 0 -30 0 -90 0 0 0 -90 0 0 0 0 0 0 0 0 0 0 0 0 0 0 0 -5 0 0 0 0
1 1 0 0 0 0 0 0 0 0 0 -135 0 0 30 0 -45 0 0 -30 0 -110 0 0 0 -70 0 0 0 0 0 0 0 0 0 0 0 0 0 0 0 -5 0 0 0 0
1 1 0 0 0 0 0 0 0 0 0 -135 0 0 30 0 -45 0 0 -30 0 -110 -10 -30 -5 -70 0 20 0 0 0 0 0 0 0 0 0 0 0 0 0 -5 0 0 0 0
1 1 0 0 0 0 0 0 0 0 0 -135 0 0 30 0 -45 0 0 -30 0 -110 -20 -30 -5 -70 -20 20 0 0 0 0 0 0 0 0 0 0 0 0 0 -5 0 0 0 0
1 1 0 0 0 0 0 0 0 0 0 -135 0 0 30 0 -45 0 0 -30 0 -110 -20 -30 25 -70 -20 20 30 0 0 0 0 0 0 0 0 0 0 0 0 -5 0 0 0 0
1 1 0 0 0 0 0 0 0 0 0 -145 -10 -70 40 0 -55 0 -55 -30 0 -110 -60 -30 35 -90 -30 15 25 0 0 0 0 0 0 0 0 0 0 0 0 -5 0 0 0 0
1 1 0 0 0 0 0 0 0 0 0 -135 -10 -120 40 0 -35 -30 -95 -130 0 -110 -60 -30 35 -90 -30 15 25 0 0 0 0 0 0 0 0 0 0 0 0 -5 0 0 0 0
1 1 0 0 0 0 0 0 0 0 0 -135 -10 -120 30 0 -35 -30 -95 -140 0 -110 -60 -30 35 -90 -30 15 25 0 0 0 0 0 0 0 0 0 0 0 0 -5 0 0 0 0
1 1 0 0 0 0 0 0 0 20 0 -135 -10 -120 40 0 -35 -30 -95 -130 0 -110 -60 -30 35 -90 -30 15 25 0 0 0 0 0 0 0 0 0 0 0 0 -5 0 0 0 0
1 1 0 0 0 0 0 0 0 0 0 -135 -10 -120 20 0 -35 -30 -95 -100 0 -85 -25 0 -5 -50 -60 -5 45 0 0 0 0 0 0 0 0 0 0 0 0 -5 0 0 0 0
1 1 0 0 0 0 0 0 0 20 0 -135 -10 -120 40 0 -35 -30 -95 -130 0 -110 -60 -30 35 -90 -30 15 25 0 0 0 0 0 0 0 0 0 0 0 0 -5 0 0 0 0
1 1 0 0 0 0 0 0 0 0 0 -135 -10 -120 20 0 -35 -30 -95 -100 0 -85 -25 0 -5 -50 -60 -5 45 0 0 0 0 0 0 0 0 0 0 0 0 -5 0 0 0 0
1 1 0 0 0 0 0 0 0 20 0 -135 -10 -120 40 0 -35 -30 -95 -130 0 -110 -60 -30 35 -90 -30 15 25 0 0 0 0 0 0 0 0 0 0 0 0 -5 0 0 0 0
1 1 0 0 0 0 0 0 0 0 0 -135 -10 -120 20 0 -35 -30 -95 -100 0 -85 -25 0 -5 -50 -60 -5 45 0 0 0 0 0 0 0 0 0 0 0 0 -5 0 0 0 0
1 1 0 0 0 0 0 0 0 20 0 -135 -10 -120 40 0 -35 -30 -95 -130 0 -110 -60 -30 35 -90 -30 15 25 0 0 0 0 0 0 0 0 0 0 0 0 -5 0 0 0 0
1 1 0 0 0 0 0 0 0 0 0 -135 -10 -120 20 0 -35 -30 -95 -100 0 -85 -25 0 -5 -50 -60 -5 45 0 0 0 0 0 0 0 0 0 0 0 0 -5 0 0 0 0
1 1 0 0 0 0 0 0 0 20 0 -135 -10 -120 40 0 -35 -30 -95 -130 0 -110 -60 -30 35 -90 -30 15 25 0 0 0 0 0 0 0 0 0 0 0 0 -5 0 0 0 0
1 1 0 0 0 0 0 0 0 0 0 -135 -10 -120 20 0 -35 -30 -95 -100 0 -85 -25 0 -5 -50 -60 -5 45 0 0 0 0 0 0 0 0 0 0 0 0 -5 0 0 0 0
1 1 0 0 0 0 0 0 0 20 0 -135 -10 -120 40 0 -35 -30 -95 -130 0 -110 -60 -30 35 -90 -30 15 25 0 0 0 0 0 0 0 0 0 0 0 0 -5 0 0 0 0
1 1 0 0 0 0 0 0 0 0 0 -135 -10 -120 20 0 -35 -30 -95 -100 0 -85 -25 0 -5 -50 -60 -5 45 0 0 0 0 0 0 0 0 0 0 0 0 -5 0 0 0 0
1 1 0 0 0 0 0 0 0 20 0 -135 -10 -120 40 0 -35 -30 -95 -130 0 -110 -60 -30 35 -90 -30 15 25 0 0 0 0 0 0 0 0 0 0 0 0 -5 0 0 0 0
1 1 0 0 0 0 0 0 0 0 0 -135 -10 -120 20 0 -35 -30 -95 -100 0 -85 -25 0 -5 -50 -60 -5 45 0 0 0 0 0 0 0 0 0 0 0 0 -5 0 0 0 0
1 1 0 0 0 0 0 0 0 20 0 -135 -10 -120 40 0 -35 -30 -95 -130 0 -110 -60 -30 35 -90 -30 15 25 0 0 0 0 0 0 0 0 0 0 0 0 -5 0 0 0 0
1 1 0 0 0 0 0 0 0 0 0 -135 -10 -120 20 0 -35 -30 -95 -100 0 -85 -25 0 -5 -50 -60 -5 45 0 0 0 0 0 0 0 0 0 0 0 0 -5 0 0 0 0
1 1 0 0 0 0 0 0 0 20 0 -135 -10 -120 40 0 -35 -30 -95 -130 0 -110 -60 -30 35 -90 -30 15 25 0 0 0 0 0 0 0 0 0 0 0 0 -5 0 0 0 0
1 1 0 0 0 0 0 0 0 0 0 -135 -10 -120 20 0 -35 -30 -95 -100 0 -85 -25 0 -5 -50 -60 -5 45 0 0 0 0 0 0 0 0 0 0 0 0 -5 0 0 0 0
1 1 0 0 0 0 0 0 0 20 0 -135 -10 -120 40 0 -35 -30 -95 -130 0 -110 -60 -30 35 -90 -30 15 25 0 0 0 0 0 0 0 0 0 0 0 0 -5 0 0 0 0
1 1 0 0 0 0 0 0 0 0 0 -135 -10 -120 20 0 -35 -30 -95 -100 0 -85 -25 0 -5 -50 -60 -5 45 0 0 0 0 0 0 0 0 0 0 0 0 -5 0 0 0 0
1 1 0 0 0 0 0 0 0 20 0 -135 -10 -120 40 0 -35 -30 -95 -130 0 -110 -60 -30 35 -90 -30 15 25 0 0 0 0 0 0 0 0 0 0 0 0 -5 0 0 0 0
1 1 0 0 0 0 0 0 0 0 0 -135 -10 -120 20 0 -35 -30 -95 -100 0 -85 -25 0 -5 -50 -60 -5 45 0 0 0 0 0 0 0 0 0 0 0 0 -5 0 0 0 0
1 1 0 0 0 0 0 0 0 20 0 -135 -10 -120 40 0 -35 -30 -95 -130 0 -110 -60 -30 35 -90 -30 15 25 0 0 0 0 0 0 0 0 0 0 0 0 -5 0 0 0 0
1 1 0 0 0 0 0 0 0 0 0 -135 -10 -120 20 0 -35 -30 -95 -100 0 -85 -25 0 -5 -50 -60 -5 45 0 0 0 0 0 0 0 0 0 0 0 0 -5 0 0 0 0
1 1 0 0 0 0 0 0 0 20 0 -135 -10 -120 40 0 -35 -30 -95 -130 0 -110 -60 -30 35 -90 -30 15 25 0 0 0 0 0 0 0 0 0 0 0 0 -5 0 0 0 0
1 1 0 0 0 0 0 0 0 0 0 -135 -10 -120 20 0 -35 -30 -95 -100 0 -85 -25 0 -5 -50 -60 -5 45 0 0 0 0 0 0 0 0 0 0 0 0 -5 0 0 0 0